# Test Vector for mux4to1
u v w x s1 s0 m
0 0 0 0 0  0  0
0 0 0 0 0  1  0
0 0 0 0 1  0  0
0 0 0 0 1  1  0
0 0 0 1 0  0  0
0 0 0 1 0  1  0
0 0 0 1 1  0  0
0 0 0 1 1  1  1
0 0 1 0 0  0  0
0 0 1 0 0  1  0
0 0 1 0 1  0  1
0 0 1 0 1  1  0
0 0 1 1 0  0  0
0 0 1 1 0  1  0
0 0 1 1 1  0  1
0 0 1 1 1  1  1
0 1 0 0 0  0  0
0 1 0 0 0  1  1
0 1 0 0 1  0  0
0 1 0 0 1  1  0
0 1 0 1 0  0  0
0 1 0 1 0  1  1
0 1 0 1 1  0  0
0 1 0 1 1  1  1
0 1 1 0 0  0  0
0 1 1 0 0  1  1
0 1 1 0 1  0  1
0 1 1 0 1  1  0
0 1 1 1 0  0  0
0 1 1 1 0  1  1
0 1 1 1 1  0  1
0 1 1 1 1  1  1
1 0 0 0 0  0  1
1 0 0 0 0  1  0
1 0 0 0 1  0  0
1 0 0 0 1  1  0
1 0 0 1 0  0  1
1 0 0 1 0  1  0
1 0 0 1 1  0  0
1 0 0 1 1  1  1
1 0 1 0 0  0  1
1 0 1 0 0  1  0
1 0 1 0 1  0  1
1 0 1 0 1  1  0
1 0 1 1 0  0  1
1 0 1 1 0  1  0
1 0 1 1 1  0  1
1 0 1 1 1  1  1
1 1 0 0 0  0  1
1 1 0 0 0  1  1
1 1 0 0 1  0  0
1 1 0 0 1  1  0
1 1 0 1 0  0  1
1 1 0 1 0  1  1
1 1 0 1 1  0  0
1 1 0 1 1  1  1
1 1 1 0 0  0  1
1 1 1 0 0  1  1
1 1 1 0 1  0  1
1 1 1 0 1  1  0
1 1 1 1 0  0  1
1 1 1 1 0  1  1
1 1 1 1 1  0  1
1 1 1 1 1  1  1
