
state[3..0] | alu_select_b[1..0]
~~~~~~~~~~~~~~~~~~~~~~~~~~~~~~~~
   0000     |         00     
   1100     |         00  
   1011     |         00   
   1010     |         00 
   1001     |         11       
   1000     |         11      
   1111     |         00       
   1110     |         00      
   0101     |         11       
   0100     |         11        
   0011     |         10       
   0010     |         10     
   0001     |         01       

                  
                   
                 
                  
      