curr_state[2..0] w | next_state[2..0]
~~~~~~~~~~~~~~~~~~~~~~~~~~~~~~~~~~~~~
      000        0 |       000       
      000        1 |       101       
      101        0 |       000       
      101        1 |       100       
      100        0 |       010       
      100        1 |       011       
      011        0 |       010       
      011        1 |       001       
      010        0 |       000       
      010        1 |       110       
      001        0 |       010       
      001        1 |       001       
      110        0 |       000       
      110        1 |       100       
